<?xml version="1.0"?>
<opencv_storage>
<E type_id="opencv-matrix">
  <rows>3</rows>
  <cols>3</cols>
  <dt>d</dt>
  <data>
    1.0600242958721114e-02 2.3189631550011582e+00
    -1.0343582815187693e+00 -2.3922513314807263e+00
    -2.7845792478240650e-01 2.4214918128807948e+01
    9.8972072322556948e-01 -2.4226229159712446e+01
    -2.8193887050254041e-01</data></E>
<F type_id="opencv-matrix">
  <rows>3</rows>
  <cols>3</cols>
  <dt>d</dt>
  <data>
    -3.1837486817857723e-08 -6.9926607526939300e-06
    7.1453587143331856e-03 7.2136557927401448e-06 8.4301217114971129e-07
    -8.5820454301466814e-02 -7.0458702466007581e-03
    8.4722522520674026e-02 1.</data></F>
</opencv_storage>
