<?xml version="1.0"?>
<opencv_storage>
<E type_id="opencv-matrix">
  <rows>3</rows>
  <cols>3</cols>
  <dt>d</dt>
  <data>
    3.8665553986926504e-02 -4.7415467780682327e+01
    5.1188011646254195e+00 -4.7352353808526360e+01
    2.4155427569040642e+00 -7.2744394551034503e+01
    6.6661905962674730e+00 7.2835434056505278e+01 2.4324284726356944e+00</data></E>
<F type_id="opencv-matrix">
  <rows>3</rows>
  <cols>3</cols>
  <dt>d</dt>
  <data>
    -6.4434123800322593e-10 7.9548178191161627e-07
    -5.3488576169743454e-04 7.9442292881189826e-07
    -4.0798428583067706e-08 5.3281975878073965e-04
    -5.4712166932940366e-04 -2.0063954071772847e-03 1.</data></F>
</opencv_storage>
