<?xml version="1.0"?>
<opencv_storage>
<E type_id="opencv-matrix">
  <rows>3</rows>
  <cols>3</cols>
  <dt>d</dt>
  <data>
    -5.4195589063108045e+00 -1.0931491480287053e+02
    3.6434457963540297e+01 -1.2307395039528342e+02
    -1.3097988260545687e+01 1.4532393133828162e+02
    4.6033537777650579e+01 -1.5890812188087114e+02
    -9.1097089107218991e+00</data></E>
<F type_id="opencv-matrix">
  <rows>3</rows>
  <cols>3</cols>
  <dt>d</dt>
  <data>
    2.9222981116023689e-07 5.1530262545165531e-06
    -1.7143184518248627e-03 5.8016172704121212e-06
    5.3977142489787991e-07 -3.5791123328629952e-03
    -2.0236861781404306e-03 6.4187525651334418e-04 1.</data></F>
</opencv_storage>
