<?xml version="1.0"?>
<opencv_storage>
<E type_id="opencv-matrix">
  <rows>3</rows>
  <cols>3</cols>
  <dt>d</dt>
  <data>
    -3.3282255621986145e+00 -1.2455304165757281e+02
    3.7473062613176971e+01 -1.3970085749704805e+02
    -2.6182025074129953e+00 -1.3364784983055876e+02
    3.5654648732345514e+01 1.4385870469912763e+02
    -1.2654414667973903e+01</data></E>
<F type_id="opencv-matrix">
  <rows>3</rows>
  <cols>3</cols>
  <dt>d</dt>
  <data>
    1.4130550397743117e-08 5.2760059929433886e-07
    -4.7044675337546587e-04 5.9176600712821086e-07
    1.1065187892342093e-08 3.6847558402570712e-05
    -4.9744262759767724e-04 -1.1627908705634374e-03 1.</data></F>
</opencv_storage>
