<?xml version="1.0"?>
<opencv_storage>
<R type_id="opencv-matrix">
  <rows>3</rows>
  <cols>3</cols>
  <dt>d</dt>
  <data>
    1.3255027966373222e-02 -2.8840304250884219e-01
    -9.5741735377277004e-01 2.4697611749391293e-01
    9.2877858490954335e-01 -2.7635690257538176e-01
    9.6893090652597291e-01 -2.3279610238375789e-01
    8.3539649829810297e-02</data></R>
<T type_id="opencv-matrix">
  <rows>3</rows>
  <cols>1</cols>
  <dt>d</dt>
  <data>
    1.4591586573344534e+02 2.8901128555576125e+01 1.2686012951818662e+02</data></T>
<R1 type_id="opencv-matrix">
  <rows>3</rows>
  <cols>3</cols>
  <dt>d</dt>
  <data>
    6.7514465969547288e-01 -2.2901482813175694e-01
    -7.0123597809900340e-01 2.0873360730688109e-01
    9.7104888098151376e-01 -1.1616519239947333e-01
    7.0753796340927255e-01 -6.7943205990972491e-02
    7.0340155750064082e-01</data></R1>
<R2 type_id="opencv-matrix">
  <rows>3</rows>
  <cols>3</cols>
  <dt>d</dt>
  <data>
    7.4637312908025744e-01 1.4783194168468039e-01 6.4890127847360790e-01
    -1.6606811078989206e-01 9.8554467423775027e-01
    -3.3512350861777902e-02 -6.4447539500404627e-01
    -8.2749091229717076e-02 7.6013423362918897e-01</data></R2>
<P1 type_id="opencv-matrix">
  <rows>3</rows>
  <cols>4</cols>
  <dt>d</dt>
  <data>
    1.2507420234105626e+02 0. 1.0715871810913086e+03 0. 0.
    1.2507420234105626e+02 1.8604143142700195e+02 0. 0. 0. 1. 0.</data></P1>
<P2 type_id="opencv-matrix">
  <rows>3</rows>
  <cols>4</cols>
  <dt>d</dt>
  <data>
    1.2507420234105626e+02 0. 1.0715871810913086e+03
    2.4451992983730343e+04 0. 1.2507420234105626e+02
    1.8604143142700195e+02 0. 0. 0. 1. 0.</data></P2>
<Q type_id="opencv-matrix">
  <rows>4</rows>
  <cols>4</cols>
  <dt>d</dt>
  <data>
    1. 0. 0. -1.0715871810913086e+03 0. 1. 0. -1.8604143142700195e+02 0.
    0. 0. 1.2507420234105626e+02 0. 0. -5.1150923535875819e-03 0.</data></Q>
</opencv_storage>
