<?xml version="1.0"?>
<opencv_storage>
<R type_id="opencv-matrix">
  <rows>3</rows>
  <cols>3</cols>
  <dt>d</dt>
  <data>
    9.9998934432428599e-01 -3.0097403245523493e-03
    3.5003858449272084e-03 2.9682734840965432e-03 9.9992606831785169e-01
    1.1791829837923354e-02 -3.5356174012769847e-03
    -1.1781314085520923e-02 9.9992434716232914e-01</data></R>
<T type_id="opencv-matrix">
  <rows>3</rows>
  <cols>1</cols>
  <dt>d</dt>
  <data>
    -2.4224824887244811e+01 -1.0616379410648860e+00
    -2.3066261977272524e+00</data></T>
<R1 type_id="opencv-matrix">
  <rows>3</rows>
  <cols>3</cols>
  <dt>d</dt>
  <data>
    9.9433534484009212e-01 3.9473359957682815e-02 9.8686756230947206e-02
    -4.0043550776160314e-02 9.9919069820699169e-01
    3.8029801290034196e-03 -9.8456772458639277e-02
    -7.7332056920611202e-03 9.9511128095643242e-01</data></R1>
<R2 type_id="opencv-matrix">
  <rows>3</rows>
  <cols>3</cols>
  <dt>d</dt>
  <data>
    9.9455138668648868e-01 4.3585598300899184e-02 9.4698652898206795e-02
    -4.3037116723565909e-02 9.9904281024246677e-01
    -7.8275083492016645e-03 -9.4949174952205673e-02
    3.7093023046540071e-03 9.9547521076735401e-01</data></R2>
<P1 type_id="opencv-matrix">
  <rows>3</rows>
  <cols>4</cols>
  <dt>d</dt>
  <data>
    -1.5284114194245110e+04 0. 1.0362443237304688e+04 0. 0.
    -1.5284114194245110e+04 9.0477416992187500e+01 0. 0. 0. 1. 0.</data></P1>
<P2 type_id="opencv-matrix">
  <rows>3</rows>
  <cols>4</cols>
  <dt>d</dt>
  <data>
    -1.5284114194245110e+04 0. 1.0362443237304688e+04
    3.7228341830159817e+05 0. -1.5284114194245110e+04
    9.0477416992187500e+01 0. 0. 0. 1. 0.</data></P2>
<Q type_id="opencv-matrix">
  <rows>4</rows>
  <cols>4</cols>
  <dt>d</dt>
  <data>
    1. 0. 0. -1.0362443237304688e+04 0. 1. 0. -9.0477416992187500e+01 0.
    0. 0. -1.5284114194245110e+04 0. 0. 4.1055049574791919e-02 0.</data></Q>
</opencv_storage>
