%YAML:1.0
---
R: !!opencv-matrix
   rows: 3
   cols: 3
   dt: d
   data: [ 4.8887774151430627e-02, 2.6273651219429622e-01,
       9.6362830526012222e-01, -2.4301194683662694e-01,
       9.3891944354377876e-01, -2.4367082761404474e-01,
       -9.6879057552868009e-01, -2.2226066610045409e-01,
       1.0974979303575624e-01 ]
T: !!opencv-matrix
   rows: 3
   cols: 1
   dt: d
   data: [ -1.4129164086269213e+02, 3.5102657505119538e+01,
       1.3925738676662604e+02 ]
R1: !!opencv-matrix
   rows: 3
   cols: 3
   dt: d
   data: [ 7.4627874199352096e-01, 1.7429998127535556e-01,
       6.4240762431339371e-01, -1.6798803310848695e-01,
       9.8318459654121004e-01, -7.1610542914012920e-02,
       -6.4408699721459195e-01, -5.4475367382960244e-02,
       7.6301007487947481e-01 ]
R2: !!opencv-matrix
   rows: 3
   cols: 3
   dt: d
   data: [ 7.0132104605170786e-01, -1.7423700602790340e-01,
       -6.9122373808729309e-01, 1.8109998460865556e-01,
       9.8140363351398530e-01, -6.3637282313844620e-02,
       6.8945745767210531e-01, -8.0550442928512780e-02,
       7.1983334196488669e-01 ]
P1: !!opencv-matrix
   rows: 3
   cols: 4
   dt: d
   data: [ -1.4553412002965255e+05, 0., 2.6145561398863792e+03, 0., 0.,
       -1.4553412002965255e+05, 8.5655781936645508e+02, 0., 0., 0., 1.,
       0. ]
P2: !!opencv-matrix
   rows: 3
   cols: 4
   dt: d
   data: [ -1.4553412002965255e+05, 0., 2.6145561398863792e+03,
       2.9320030728097573e+07, 0., -1.4553412002965255e+05,
       8.5655781936645508e+02, 0., 0., 0., 1., 0. ]
Q: !!opencv-matrix
   rows: 4
   cols: 4
   dt: d
   data: [ 1., 0., 0., -2.6145561398863792e+03, 0., 1., 0.,
       -8.5655781936645508e+02, 0., 0., 0., -1.4553412002965255e+05, 0.,
       0., 4.9636414565618547e-03, 0. ]
