<?xml version="1.0"?>
<opencv_storage>
<R type_id="opencv-matrix">
  <rows>3</rows>
  <cols>3</cols>
  <dt>d</dt>
  <data>
    2.0931334300063792e-01 2.9983812819310507e-01 9.3074433725032801e-01
    -3.5064034712946801e-01 9.1154437652066544e-01
    -2.1479803676588394e-01 -9.1281940788242644e-01
    -2.8139642235680062e-01 2.9593374609525291e-01</data></R>
<T type_id="opencv-matrix">
  <rows>3</rows>
  <cols>1</cols>
  <dt>d</dt>
  <data>
    -1.5903627296038965e+02 4.6490090119709272e+01
    1.0557112988339237e+02</data></T>
<R1 type_id="opencv-matrix">
  <rows>3</rows>
  <cols>3</cols>
  <dt>d</dt>
  <data>
    7.4291042656288531e-01 1.7822212535475318e-01 6.4522939497374632e-01
    -2.0253576105669926e-01 9.7857189048730298e-01
    -3.7098795685166872e-02 -6.3801517505254957e-01
    -1.0312094443972461e-01 7.6308761438023853e-01</data></R1>
<R2 type_id="opencv-matrix">
  <rows>3</rows>
  <cols>3</cols>
  <dt>d</dt>
  <data>
    8.0948245900214300e-01 -2.3663100102142465e-01
    -5.3734897219911237e-01 2.1649023271936904e-01
    9.7099766183750169e-01 -1.0146684110199888e-01
    5.4577479577657062e-01 -3.4195176000473788e-02
    8.3723387546929751e-01</data></R2>
<P1 type_id="opencv-matrix">
  <rows>3</rows>
  <cols>4</cols>
  <dt>d</dt>
  <data>
    2.6820691299276955e+00 0. 2.0427365493774414e+02 0. 0.
    2.6820691299276955e+00 6.2738794326782227e+01 0. 0. 0. 1. 0.</data></P1>
<P2 type_id="opencv-matrix">
  <rows>3</rows>
  <cols>4</cols>
  <dt>d</dt>
  <data>
    2.6820691299276955e+00 0. 2.0427365493774414e+02
    -5.2693702439410970e+02 0. 2.6820691299276955e+00
    6.2738794326782227e+01 0. 0. 0. 1. 0.</data></P2>
<Q type_id="opencv-matrix">
  <rows>4</rows>
  <cols>4</cols>
  <dt>d</dt>
  <data>
    1. 0. 0. -2.0427365493774414e+02 0. 1. 0. -6.2738794326782227e+01 0.
    0. 0. 2.6820691299276955e+00 0. 0. 5.0899234742740485e-03 0.</data></Q>
</opencv_storage>
