%YAML:1.0
---
M1: !!opencv-matrix
   rows: 3
   cols: 3
   dt: d
   data: [ 1.1017318753694722e+03, 0., 960., 0., 1.0862514723077884e+03,
       540., 0., 0., 1. ]
D1: !!opencv-matrix
   rows: 1
   cols: 14
   dt: d
   data: [ 2.4309444132209868e-84, 4.2434006149132948e-85, 0., 0., 0.,
       0., 0., -8.0864037060590842e-86, 0., 0., 0., 0., 0., 0. ]
M2: !!opencv-matrix
   rows: 3
   cols: 3
   dt: d
   data: [ 1.1017318753694722e+03, 0., 960., 0., 1.0862514723077884e+03,
       540., 0., 0., 1. ]
D2: !!opencv-matrix
   rows: 1
   cols: 14
   dt: d
   data: [ -2.1377386051195570e-34, -1.1582468570723992e-27, 0., 0., 0.,
       0., 0., 6.2818625348131555e-21, 0., 0., 0., 0., 0., 0. ]
