<?xml version="1.0"?>
<opencv_storage>
<M1 type_id="opencv-matrix">
  <rows>3</rows>
  <cols>3</cols>
  <dt>d</dt>
  <data>
    1.0457105224525644e+03 0. 9.6457123068227531e+02 0.
    1.0387067883490258e+03 5.6105109458109484e+02 0. 0. 1.</data></M1>
<D1 type_id="opencv-matrix">
  <rows>1</rows>
  <cols>14</cols>
  <dt>d</dt>
  <data>
    2.6688787422388286e-02 -6.7222184845406055e-02 0. 0. 0. 0. 0.
    -1.3616597634598701e-01 0. 0. 0. 0. 0. 0.</data></D1>
<M2 type_id="opencv-matrix">
  <rows>3</rows>
  <cols>3</cols>
  <dt>d</dt>
  <data>
    1.0457105224525644e+03 0. 9.4377317377429165e+02 0.
    1.0387067883490258e+03 5.4324122358160764e+02 0. 0. 1.</data></M2>
<D2 type_id="opencv-matrix">
  <rows>1</rows>
  <cols>14</cols>
  <dt>d</dt>
  <data>
    4.1060496613642368e-02 -1.1268840033670873e+00 0. 0. 0. 0. 0.
    -6.3657005862439417e+00 0. 0. 0. 0. 0. 0.</data></D2>
</opencv_storage>
