<?xml version="1.0"?>
<opencv_storage>
<M1 type_id="opencv-matrix">
  <rows>3</rows>
  <cols>3</cols>
  <dt>d</dt>
  <data>
    1.0742817238228929e+03 0. 9.5968810012636334e+02 0.
    1.0700215771664284e+03 5.4019134789154873e+02 0. 0. 1.</data></M1>
<D1 type_id="opencv-matrix">
  <rows>1</rows>
  <cols>14</cols>
  <dt>d</dt>
  <data>
    4.3628788253419197e-02 -1.4269362368629388e+00 0. 0. 0. 0. 0.
    -1.2420874697530001e+01 0. 0. 0. 0. 0. 0.</data></D1>
<M2 type_id="opencv-matrix">
  <rows>3</rows>
  <cols>3</cols>
  <dt>d</dt>
  <data>
    1.0742817238228929e+03 0. 9.5778282977919855e+02 0.
    1.0700215771664284e+03 5.3827908638710380e+02 0. 0. 1.</data></M2>
<D2 type_id="opencv-matrix">
  <rows>1</rows>
  <cols>14</cols>
  <dt>d</dt>
  <data>
    -1.3839769909419850e-01 6.0768745846318497e+00 0. 0. 0. 0. 0.
    8.6486878247712127e+01 0. 0. 0. 0. 0. 0.</data></D2>
</opencv_storage>
