<?xml version="1.0"?>
<opencv_storage>
<M1 type_id="opencv-matrix">
  <rows>3</rows>
  <cols>3</cols>
  <dt>d</dt>
  <data>
    2.8683064715313014e+02 0. 2.5881847034004863e+02 0.
    3.2809770651464538e+02 2.0864984169134570e+02 0. 0. 1.</data></M1>
<D1 type_id="opencv-matrix">
  <rows>1</rows>
  <cols>14</cols>
  <dt>d</dt>
  <data>
    1.4068443083407205e+00 -1.4630387999838373e+01 0. 0. 0. 0. 0.
    -4.0623681546395204e+01 0. 0. 0. 0. 0. 0.</data></D1>
<M2 type_id="opencv-matrix">
  <rows>3</rows>
  <cols>3</cols>
  <dt>d</dt>
  <data>
    2.8683064715313014e+02 0. 2.7013732315614823e+02 0.
    3.2809770651464538e+02 2.1248833378316297e+02 0. 0. 1.</data></M2>
<D2 type_id="opencv-matrix">
  <rows>1</rows>
  <cols>14</cols>
  <dt>d</dt>
  <data>
    2.5439859574649231e+00 -2.2505099523485033e+01 0. 0. 0. 0. 0.
    -5.9318663077498314e+01 0. 0. 0. 0. 0. 0.</data></D2>
</opencv_storage>
