<?xml version="1.0"?>
<opencv_storage>
<M1 type_id="opencv-matrix">
  <rows>3</rows>
  <cols>3</cols>
  <dt>d</dt>
  <data>
    1.0722562532456534e+03 0. 9.5338048488515960e+02 0.
    1.0747166363526733e+03 5.4279852051688317e+02 0. 0. 1.</data></M1>
<D1 type_id="opencv-matrix">
  <rows>1</rows>
  <cols>14</cols>
  <dt>d</dt>
  <data>
    7.3146294655633576e-02 -8.6145071693197062e-01 0. 0. 0. 0. 0.
    -2.5700247288417852e+00 0. 0. 0. 0. 0. 0.</data></D1>
<M2 type_id="opencv-matrix">
  <rows>3</rows>
  <cols>3</cols>
  <dt>d</dt>
  <data>
    1.0722562532456534e+03 0. 9.5406774040254754e+02 0.
    1.0747166363526733e+03 5.4353446613492702e+02 0. 0. 1.</data></M2>
<D2 type_id="opencv-matrix">
  <rows>1</rows>
  <cols>14</cols>
  <dt>d</dt>
  <data>
    2.3039753152644760e-01 -1.4056573105670831e+00 0. 0. 0. 0. 0.
    -3.1454392538238660e+00 0. 0. 0. 0. 0. 0.</data></D2>
</opencv_storage>
