<?xml version="1.0"?>
<opencv_storage>
<calibration_time>"2017년 07월 25일 (화) 오후 01시 35분 29초"</calibration_time>
<nr_of_frames>8</nr_of_frames>
<image_width>1920</image_width>
<image_height>1080</image_height>
<board_width>9</board_width>
<board_height>6</board_height>
<square_size>50.</square_size>
<fix_aspect_ratio>1.</fix_aspect_ratio>
<!-- flags: +fix_aspectRatio +fix_principal_point -->
<flags>6</flags>
<fisheye_model>0</fisheye_model>
<camera_matrix type_id="opencv-matrix">
  <rows>3</rows>
  <cols>3</cols>
  <dt>d</dt>
  <data>
    1.1029118444734556e+03 0. 960. 0. 1.1029118444734556e+03 540. 0. 0.
    1.</data></camera_matrix>
<distortion_coefficients type_id="opencv-matrix">
  <rows>5</rows>
  <cols>1</cols>
  <dt>d</dt>
  <data>
    -1.3912783935780215e-01 5.8246887984162576e-01
    1.2249920737628088e-02 1.1421383837721170e-02
    -7.5187662936312061e-01</data></distortion_coefficients>
<avg_reprojection_error>2.6977029293471300e+00</avg_reprojection_error>
<image_points type_id="opencv-matrix">
  <rows>8</rows>
  <cols>54</cols>
  <dt>"2f"</dt>
  <data>
    7.99469421e+02 6.58817322e+02 8.53400452e+02 6.61618408e+02
    9.06769775e+02 6.63760010e+02 9.59885193e+02 6.65121704e+02
    1.01295856e+03 6.66050720e+02 1.06568323e+03 6.66865845e+02
    1.11844556e+03 6.67797424e+02 1.17071240e+03 6.69462769e+02
    1.22313074e+03 6.70500488e+02 7.95438049e+02 7.11152161e+02
    8.50376282e+02 7.13221741e+02 9.05188721e+02 7.14683838e+02
    9.59536133e+02 7.15801331e+02 1.01368707e+03 7.16679932e+02
    1.06811108e+03 7.17368896e+02 1.12201245e+03 7.18352295e+02
    1.17537183e+03 7.19923157e+02 1.22912549e+03 7.20882812e+02
    7.90905701e+02 7.65416870e+02 8.47469299e+02 7.66967224e+02
    9.03329895e+02 7.68033936e+02 9.59156189e+02 7.69043884e+02
    1.01476123e+03 7.69684814e+02 1.07031738e+03 7.70433289e+02
    1.12559546e+03 7.71361511e+02 1.18034460e+03 7.72911499e+02
    1.23540405e+03 7.74151428e+02 7.86228149e+02 8.22335632e+02
    8.44033691e+02 8.23309509e+02 9.01459351e+02 8.24256470e+02
    9.58675720e+02 8.24818665e+02 1.01570624e+03 8.25527649e+02
    1.07275024e+03 8.26264709e+02 1.12940247e+03 8.27487610e+02
    1.18558606e+03 8.28935364e+02 1.24191675e+03 8.30121338e+02
    7.80994690e+02 8.81892273e+02 8.40398682e+02 8.82668274e+02
    8.99456787e+02 8.83205139e+02 9.58241333e+02 8.83784851e+02
    1.01683429e+03 8.84628235e+02 1.07533350e+03 8.85427063e+02
    1.13353125e+03 8.86340942e+02 1.19134863e+03 8.87559265e+02
    1.24894861e+03 8.89031250e+02 7.75630981e+02 9.44877625e+02
    8.36574097e+02 9.45317078e+02 8.97197449e+02 9.45712952e+02
    9.57662781e+02 9.46278259e+02 1.01779669e+03 9.46984009e+02
    1.07811145e+03 9.47838501e+02 1.13793689e+03 9.48649475e+02
    1.19734216e+03 9.49904175e+02 1.25651501e+03 9.50929382e+02
    7.95530884e+02 3.16830811e+02 8.50487915e+02 3.20719482e+02
    9.05178101e+02 3.23675873e+02 9.59308838e+02 3.25558472e+02
    1.01335095e+03 3.27366150e+02 1.06735779e+03 3.28676361e+02
    1.12122107e+03 3.29984528e+02 1.17461829e+03 3.32237854e+02
    1.22829053e+03 3.33877991e+02 7.92840393e+02 3.69274689e+02
    8.48557251e+02 3.72262634e+02 9.03539612e+02 3.74653809e+02
    9.58504761e+02 3.76283844e+02 1.01311591e+03 3.77670685e+02
    1.06786414e+03 3.78900635e+02 1.12235388e+03 3.80530914e+02
    1.17610339e+03 3.82624847e+02 1.23057080e+03 3.84154663e+02
    7.90297974e+02 4.22220032e+02 8.46398071e+02 4.24620239e+02
    9.02069214e+02 4.26461334e+02 9.57643005e+02 4.28100647e+02
    1.01296387e+03 4.29294006e+02 1.06843604e+03 4.30410492e+02
    1.12333398e+03 4.32140656e+02 1.17782837e+03 4.34355927e+02
    1.23275513e+03 4.35760254e+02 7.87363708e+02 4.75985229e+02
    8.44075562e+02 4.77880890e+02 9.00522888e+02 4.79497650e+02
    9.56650330e+02 4.80787628e+02 1.01272980e+03 4.82147095e+02
    1.06888013e+03 4.83312408e+02 1.12449170e+03 4.85055450e+02
    1.17967285e+03 4.87168671e+02 1.23482214e+03 4.88708221e+02
    7.84525696e+02 5.30675232e+02 8.41719055e+02 5.32492188e+02
    8.98799316e+02 5.33752014e+02 9.55728027e+02 5.34978882e+02
    1.01254114e+03 5.36214355e+02 1.06938049e+03 5.37655396e+02
    1.12571155e+03 5.39233948e+02 1.18157776e+03 5.40976318e+02
    1.23741174e+03 5.43051575e+02 7.81394409e+02 5.86772522e+02
    8.39219604e+02 5.88067322e+02 8.97102783e+02 5.89507019e+02
    9.54740906e+02 5.90726624e+02 1.01237695e+03 5.92046265e+02
    1.06982397e+03 5.93235168e+02 1.12710291e+03 5.94662109e+02
    1.18368066e+03 5.96486206e+02 1.24000745e+03 5.98233398e+02
    1.22928271e+03 2.30939850e+02 1.22398901e+03 2.43278915e+02
    1.22151978e+03 2.53898758e+02 1.21633093e+03 2.65463196e+02
    1.21482520e+03 2.75468414e+02 1.21491199e+03 2.80397614e+02
    1.20790686e+03 2.90623596e+02 1.20840393e+03 2.99758179e+02
    1.19647302e+03 3.04995636e+02 1.21377502e+03 2.30886963e+02
    1.21098853e+03 2.42484558e+02 1.20584436e+03 2.53915085e+02
    1.20402295e+03 2.65412567e+02 1.20139856e+03 2.75560089e+02
    1.19799023e+03 2.85662323e+02 1.20009424e+03 2.90703308e+02
    1.19896875e+03 2.95625977e+02 1.18188318e+03 3.05527985e+02
    1.19927979e+03 2.30588074e+02 1.19532153e+03 2.41408447e+02
    1.19261609e+03 2.54363159e+02 1.18780017e+03 2.64398682e+02
    1.18688501e+03 2.75550110e+02 1.18803235e+03 2.86103241e+02
    1.18604932e+03 2.90238434e+02 1.18349072e+03 3.00484039e+02
    1.18073633e+03 3.05586487e+02 1.18390991e+03 2.28709503e+02
    1.18154614e+03 2.41538071e+02 1.17714380e+03 2.53349655e+02
    1.17510693e+03 2.64116150e+02 1.17000317e+03 2.75358948e+02
    1.16985181e+03 2.85508026e+02 1.16387988e+03 2.95886383e+02
    1.16841565e+03 3.05870697e+02 1.16755249e+03 3.09432343e+02
    1.16945276e+03 2.28784637e+02 1.16942700e+03 2.29087723e+02
    1.16360303e+03 2.52645996e+02 1.15983472e+03 2.63404114e+02
    1.15746924e+03 2.74717285e+02 1.15386841e+03 2.84824341e+02
    1.15253113e+03 2.95476166e+02 1.14683826e+03 3.04796173e+02
    1.14710693e+03 3.04797791e+02 1.15418091e+03 2.28606934e+02
    1.15103247e+03 2.41174362e+02 1.14827380e+03 2.50941345e+02
    1.14560339e+03 2.62887787e+02 1.14247998e+03 2.73383759e+02
    1.14067188e+03 2.84247681e+02 1.13646753e+03 2.94323608e+02
    1.13584412e+03 3.04231171e+02 1.13609888e+03 3.04278717e+02
    7.99112610e+02 3.02730988e+02 8.58572021e+02 2.95606659e+02
    9.19706360e+02 2.93476257e+02 9.82425598e+02 2.95808777e+02
    1.04487732e+03 2.98599335e+02 1.10710657e+03 3.01430481e+02
    1.16872913e+03 3.03933868e+02 1.22953406e+03 3.06445374e+02
    1.28974390e+03 3.08369110e+02 7.96017883e+02 3.62086761e+02
    8.55511230e+02 3.55993713e+02 9.16830078e+02 3.55549683e+02
    9.78268494e+02 3.57910614e+02 1.03936304e+03 3.60670197e+02
    1.10023376e+03 3.63265289e+02 1.16028894e+03 3.65627686e+02
    1.21963721e+03 3.67519836e+02 1.27778113e+03 3.68900482e+02
    7.94111267e+02 4.18632172e+02 8.53741089e+02 4.14102356e+02
    9.14103638e+02 4.14860596e+02 9.74383911e+02 4.17409851e+02
    1.03397327e+03 4.19887238e+02 1.09335547e+03 4.22342926e+02
    1.15233789e+03 4.24444336e+02 1.20994360e+03 4.25626434e+02
    1.26665820e+03 4.26751282e+02 7.93226501e+02 4.72639984e+02
    8.52539368e+02 4.70300995e+02 9.11757935e+02 4.71747559e+02
    9.70468689e+02 4.74220795e+02 1.02881909e+03 4.76426819e+02
    1.08694507e+03 4.78483734e+02 1.14437256e+03 4.80415253e+02
    1.20076538e+03 4.81293182e+02 1.25629895e+03 4.81731445e+02
    7.92964172e+02 5.24959595e+02 8.51350342e+02 5.24378052e+02
    9.09310303e+02 5.26444336e+02 9.66806885e+02 5.28512451e+02
    1.02401831e+03 5.30472107e+02 1.08075513e+03 5.32327515e+02
    1.13705017e+03 5.33736755e+02 1.19222339e+03 5.34535950e+02
    1.24642468e+03 5.34524658e+02 7.93222900e+02 5.75693542e+02
    8.50198547e+02 5.76775696e+02 9.06971191e+02 5.78770752e+02
    9.63502686e+02 5.80782959e+02 1.01930511e+03 5.82208740e+02
    1.07481348e+03 5.83523743e+02 1.12973682e+03 5.84850098e+02
    1.18423633e+03 5.85733398e+02 1.23735022e+03 5.85646179e+02
