<?xml version="1.0"?>
<opencv_storage>
<imagelist>
"./temp/003369751147/test540.bmp"
"./temp/020764243547/test539.bmp"
"./temp/003369751147/test617.bmp"
"./temp/020764243547/test616.bmp"
"./temp/003369751147/test644.bmp"
"./temp/020764243547/test643.bmp"
"./temp/003369751147/test740.bmp"
"./temp/020764243547/test739.bmp"
"./temp/003369751147/test949.bmp"
"./temp/020764243547/test948.bmp"
"./temp/003369751147/test979.bmp"
"./temp/020764243547/test978.bmp"
</imagelist>
</opencv_storage>
