<?xml version="1.0"?>
<opencv_storage>
<imagelist>
"images/020764243547/test0.png"
"images/003369751147/test0.png"
"images/020764243547/test1.png"
"images/003369751147/test1.png"
"images/020764243547/test2.png"
"images/003369751147/test2.png"
"images/020764243547/test3.png"
"images/003369751147/test3.png"
"images/020764243547/test4.png"
"images/003369751147/test4.png"
"images/020764243547/test5.png"
"images/003369751147/test5.png"
"images/020764243547/test6.png"
"images/003369751147/test6.png"
"images/020764243547/test7.png"
"images/003369751147/test7.png"
"images/020764243547/test8.png"
"images/003369751147/test8.png"
"images/020764243547/test9.png"
"images/003369751147/test9.png"
"images/020764243547/test10.png"
"images/003369751147/test10.png"
"images/020764243547/test11.png"
"images/003369751147/test11.png"
"images/020764243547/test12.png"
"images/003369751147/test12.png"
"images/020764243547/test13.png"
"images/003369751147/test13.png"
"images/020764243547/test14.png"
"images/003369751147/test14.png"
"images/020764243547/test15.png"
"images/003369751147/test15.png"
"images/020764243547/test16.png"
"images/003369751147/test16.png"
"images/020764243547/test17.png"
"images/003369751147/test17.png"
"images/020764243547/test18.png"
"images/003369751147/test18.png"
"images/020764243547/test19.png"
"images/003369751147/test19.png"
"images/020764243547/test20.png"
"images/003369751147/test20.png"
"images/020764243547/test21.png"
"images/003369751147/test21.png"
"images/020764243547/test22.png"
"images/003369751147/test22.png"
"images/020764243547/test23.png"
"images/003369751147/test23.png"
"images/020764243547/test24.png"
"images/003369751147/test24.png"
"images/020764243547/test25.png"
"images/003369751147/test25.png"
"images/020764243547/test26.png"
"images/003369751147/test26.png"
"images/020764243547/test27.png"
"images/003369751147/test27.png"
"images/020764243547/test28.png"
"images/003369751147/test28.png"
"images/020764243547/test29.png"
"images/003369751147/test29.png"
"images/020764243547/test30.png"
"images/003369751147/test30.png"
"images/020764243547/test31.png"
"images/003369751147/test31.png"
"images/020764243547/test32.png"
"images/003369751147/test32.png"
"images/020764243547/test33.png"
"images/003369751147/test33.png"
"images/020764243547/test34.png"
"images/003369751147/test34.png"
"images/020764243547/test35.png"
"images/003369751147/test35.png"
"images/020764243547/test36.png"
"images/003369751147/test36.png"
"images/020764243547/test37.png"
"images/003369751147/test37.png"
"images/020764243547/test38.png"
"images/003369751147/test38.png"
"images/020764243547/test39.png"
"images/003369751147/test39.png"
"images/020764243547/test40.png"
"images/003369751147/test40.png"
"images/020764243547/test41.png"
"images/003369751147/test41.png"
"images/020764243547/test42.png"
"images/003369751147/test42.png"
"images/020764243547/test43.png"
"images/003369751147/test43.png"
"images/020764243547/test44.png"
"images/003369751147/test44.png"
"images/020764243547/test45.png"
"images/003369751147/test45.png"
"images/020764243547/test46.png"
"images/003369751147/test46.png"
"images/020764243547/test47.png"
"images/003369751147/test47.png"
"images/020764243547/test48.png"
"images/003369751147/test48.png"
"images/020764243547/test49.png"
"images/003369751147/test49.png"
"images/020764243547/test50.png"
"images/003369751147/test50.png"
"images/020764243547/test51.png"
"images/003369751147/test51.png"
"images/020764243547/test52.png"
"images/003369751147/test52.png"
"images/020764243547/test53.png"
"images/003369751147/test53.png"
"images/020764243547/test54.png"
"images/003369751147/test54.png"
"images/020764243547/test55.png"
"images/003369751147/test55.png"
"images/020764243547/test56.png"
"images/003369751147/test56.png"
"images/020764243547/test57.png"
"images/003369751147/test57.png"
"images/020764243547/test58.png"
"images/003369751147/test58.png"
"images/020764243547/test59.png"
"images/003369751147/test59.png"
"images/020764243547/test60.png"
"images/003369751147/test60.png"
"images/020764243547/test61.png"
"images/003369751147/test61.png"
"images/020764243547/test62.png"
"images/003369751147/test62.png"
"images/020764243547/test63.png"
"images/003369751147/test63.png"
"images/020764243547/test64.png"
"images/003369751147/test64.png"
"images/020764243547/test65.png"
"images/003369751147/test65.png"
"images/020764243547/test66.png"
"images/003369751147/test66.png"
"images/020764243547/test67.png"
"images/003369751147/test67.png"
"images/020764243547/test68.png"
"images/003369751147/test68.png"
"images/020764243547/test69.png"
"images/003369751147/test69.png"
"images/020764243547/test70.png"
"images/003369751147/test70.png"
"images/020764243547/test71.png"
"images/003369751147/test71.png"
"images/020764243547/test72.png"
"images/003369751147/test72.png"
"images/020764243547/test73.png"
"images/003369751147/test73.png"
"images/020764243547/test74.png"
"images/003369751147/test74.png"
"images/020764243547/test75.png"
"images/003369751147/test75.png"
"images/020764243547/test76.png"
"images/003369751147/test76.png"
"images/020764243547/test77.png"
"images/003369751147/test77.png"
"images/020764243547/test78.png"
"images/003369751147/test78.png"
"images/020764243547/test79.png"
"images/003369751147/test79.png"
"images/020764243547/test80.png"
"images/003369751147/test80.png"
"images/020764243547/test81.png"
"images/003369751147/test81.png"
"images/020764243547/test82.png"
"images/003369751147/test82.png"
"images/020764243547/test83.png"
"images/003369751147/test83.png"
"images/020764243547/test84.png"
"images/003369751147/test84.png"
"images/020764243547/test85.png"
"images/003369751147/test85.png"
"images/020764243547/test86.png"
"images/003369751147/test86.png"
"images/020764243547/test87.png"
"images/003369751147/test87.png"
"images/020764243547/test88.png"
"images/003369751147/test88.png"
"images/020764243547/test89.png"
"images/003369751147/test89.png"
"images/020764243547/test90.png"
"images/003369751147/test90.png"
"images/020764243547/test91.png"
"images/003369751147/test91.png"
"images/020764243547/test92.png"
"images/003369751147/test92.png"
"images/020764243547/test93.png"
"images/003369751147/test93.png"
"images/020764243547/test94.png"
"images/003369751147/test94.png"
"images/020764243547/test95.png"
"images/003369751147/test95.png"
"images/020764243547/test96.png"
"images/003369751147/test96.png"
"images/020764243547/test97.png"
"images/003369751147/test97.png"
"images/020764243547/test98.png"
"images/003369751147/test98.png"
"images/020764243547/test99.png"
"images/003369751147/test99.png"
"images/020764243547/test100.png"
"images/003369751147/test100.png"
"images/020764243547/test101.png"
"images/003369751147/test101.png"
"images/020764243547/test102.png"
"images/003369751147/test102.png"
"images/020764243547/test103.png"
"images/003369751147/test103.png"
"images/020764243547/test104.png"
"images/003369751147/test104.png"
"images/020764243547/test105.png"
"images/003369751147/test105.png"
"images/020764243547/test106.png"
"images/003369751147/test106.png"
"images/020764243547/test107.png"
"images/003369751147/test107.png"
"images/020764243547/test108.png"
"images/003369751147/test108.png"
"images/020764243547/test109.png"
"images/003369751147/test109.png"
"images/020764243547/test110.png"
"images/003369751147/test110.png"
"images/020764243547/test111.png"
"images/003369751147/test111.png"
"images/020764243547/test112.png"
"images/003369751147/test112.png"
"images/020764243547/test113.png"
"images/003369751147/test113.png"
"images/020764243547/test114.png"
"images/003369751147/test114.png"
"images/020764243547/test115.png"
"images/003369751147/test115.png"
"images/020764243547/test116.png"
"images/003369751147/test116.png"
"images/020764243547/test117.png"
"images/003369751147/test117.png"
"images/020764243547/test118.png"
"images/003369751147/test118.png"
"images/020764243547/test119.png"
"images/003369751147/test119.png"
