<?xml version="1.0"?>
<opencv_storage>
<R type_id="opencv-matrix">
  <rows>3</rows>
  <cols>3</cols>
  <dt>d</dt>
  <data>
    9.4603313564367630e-02 -2.0994688075418810e-01
    -9.7312513086664687e-01 3.1203539385692169e-01
    9.3450371087180550e-01 -1.7127967581526019e-01
    9.4534867961149538e-01 -2.8744585860368838e-01
    1.5391800521183585e-01</data></R>
<T type_id="opencv-matrix">
  <rows>3</rows>
  <cols>1</cols>
  <dt>d</dt>
  <data>
    1.4672631592007826e+02 4.0351011857564401e+01 1.1848572840368887e+02</data></T>
<R1 type_id="opencv-matrix">
  <rows>3</rows>
  <cols>3</cols>
  <dt>d</dt>
  <data>
    7.1803772474654337e-01 -1.4079921664827361e-01
    -6.8161382500066703e-01 1.7864149082759292e-01
    9.8379937994015842e-01 -1.5033222683601306e-02
    6.7268792437184588e-01 -1.1097008885547595e-01
    7.3155765034869635e-01</data></R1>
<R2 type_id="opencv-matrix">
  <rows>3</rows>
  <cols>3</cols>
  <dt>d</dt>
  <data>
    7.6078464702747040e-01 2.0922238877707428e-01 6.1435552645166480e-01
    -1.7501632734264475e-01 9.7768152476474091e-01
    -1.1622444363034627e-01 -6.2496080357953632e-01
    -1.9100475598950294e-02 7.8042242780504079e-01</data></R2>
<P1 type_id="opencv-matrix">
  <rows>3</rows>
  <cols>4</cols>
  <dt>d</dt>
  <data>
    -1.2679033554554799e+04 0. -7.3617177867889404e+02 0. 0.
    -1.2679033554554799e+04 5.7211351776123047e+02 0. 0. 0. 1. 0.</data></P1>
<P2 type_id="opencv-matrix">
  <rows>3</rows>
  <cols>4</cols>
  <dt>d</dt>
  <data>
    -1.2679033554554799e+04 0. -7.3617177867889404e+02
    -2.4453015582735711e+06 0. -1.2679033554554799e+04
    5.7211351776123047e+02 0. 0. 0. 1. 0.</data></P2>
<Q type_id="opencv-matrix">
  <rows>4</rows>
  <cols>4</cols>
  <dt>d</dt>
  <data>
    1. 0. 0. 7.3617177867889404e+02 0. 1. 0. -5.7211351776123047e+02 0.
    0. 0. -1.2679033554554799e+04 0. 0. -5.1850592871279383e-03 0.</data></Q>
</opencv_storage>
