<?xml version="1.0"?>
<opencv_storage>
<R type_id="opencv-matrix">
  <rows>3</rows>
  <cols>3</cols>
  <dt>d</dt>
  <data>
    3.9865201151620333e-01 -9.8113725241816468e-02
    -9.1183894994305770e-01 1.2816675166445479e-01
    9.9046403752064816e-01 -5.0539827325369602e-02
    9.0810233866115930e-01 -9.6719632430388947e-02
    4.0742539835000907e-01</data></R>
<T type_id="opencv-matrix">
  <rows>3</rows>
  <cols>1</cols>
  <dt>d</dt>
  <data>
    7.2872327569886551e+01 6.7066484988357029e+00 4.7217063347502076e+01</data></T>
<R1 type_id="opencv-matrix">
  <rows>3</rows>
  <cols>3</cols>
  <dt>d</dt>
  <data>
    8.3577370190457145e-01 -5.8259870830620640e-02
    -5.4597445604673456e-01 6.7346446582371072e-02
    9.9772395358348054e-01 -3.3717322664732633e-03
    5.4492822952885855e-01 -3.3951434381309070e-02
    8.3779503744412043e-01</data></R1>
<R2 type_id="opencv-matrix">
  <rows>3</rows>
  <cols>3</cols>
  <dt>d</dt>
  <data>
    8.3673973509328714e-01 7.7007548344021848e-02 5.4215906633944511e-01
    -6.7968140641187572e-02 9.9701167745849895e-01
    -3.6715757777416071e-02 -5.4336631067245544e-01
    -6.1280102344299274e-03 8.3947334675781760e-01</data></R2>
<P1 type_id="opencv-matrix">
  <rows>3</rows>
  <cols>4</cols>
  <dt>d</dt>
  <data>
    -4.5411120814905717e+03 0. 2.5831835794448853e+03 0. 0.
    -4.5411120814905717e+03 4.9946184158325195e+02 0. 0. 0. 1. 0.</data></P1>
<P2 type_id="opencv-matrix">
  <rows>3</rows>
  <cols>4</cols>
  <dt>d</dt>
  <data>
    -4.5411120814905717e+03 0. 2.5831835794448853e+03
    -3.9548905502504454e+05 0. -4.5411120814905717e+03
    4.9946184158325195e+02 0. 0. 0. 1. 0.</data></P2>
<Q type_id="opencv-matrix">
  <rows>4</rows>
  <cols>4</cols>
  <dt>d</dt>
  <data>
    1. 0. 0. -2.5831835794448853e+03 0. 1. 0. -4.9946184158325195e+02 0.
    0. 0. -4.5411120814905717e+03 0. 0. -1.1482269923254903e-02 0.</data></Q>
</opencv_storage>
