<?xml version="1.0"?>
<opencv_storage>
<M1 type_id="opencv-matrix">
  <rows>3</rows>
  <cols>3</cols>
  <dt>d</dt>
  <data>
    1.0785715662071593e+03 0. 9.6018930347632750e+02 0.
    1.0733199424260147e+03 5.4021542144728528e+02 0. 0. 1.</data></M1>
<D1 type_id="opencv-matrix">
  <rows>1</rows>
  <cols>14</cols>
  <dt>d</dt>
  <data>
    8.2095693144534396e-02 1.5654053823839004e-01 0. 0. 0. 0. 0.
    9.0028293581669061e-01 0. 0. 0. 0. 0. 0.</data></D1>
<M2 type_id="opencv-matrix">
  <rows>3</rows>
  <cols>3</cols>
  <dt>d</dt>
  <data>
    1.0785715662071593e+03 0. 9.5986580900247418e+02 0.
    1.0733199424260147e+03 5.4034895495330784e+02 0. 0. 1.</data></M2>
<D2 type_id="opencv-matrix">
  <rows>1</rows>
  <cols>14</cols>
  <dt>d</dt>
  <data>
    1.8915905122504670e-02 4.0163543471707941e-01 0. 0. 0. 0. 0.
    2.3614896720968534e-01 0. 0. 0. 0. 0. 0.</data></D2>
</opencv_storage>
